"ABC_D"	"MNO_G"	"JKL_A"	"VXW_E"	"DEF_G"	"MNO_B"	"MNO_D"	"ABC_E"	"JKL_B"	"ABC_B"	"PQR_E"	"MNO_D"	"JKL_A"	"STU_E"	"PQR_A"	"ABC_G"	"GHI_D"	"MNO_G"	"MNO_A"	"GHI_E"	"GHI_D"	"VXW_E"	"VXW_D"	"MNO_G"	"STU_G"	"MNO_D"	"STU_D"	"ABC_A"	"PQR_D"	"VXW_E"
"1"	1.18188608046992	0.385677393356777	-2.07394434209756	NA	-1.81220876656509	NA	0.394243886148578	-0.280901532105093	NA	NA	-0.586287195425144	0.346926438166205	0.170610971034016	-0.74892588722763	0.297378756993915	-0.912467694365838	NA	-0.624253784114616	NA	1.45437975402357	NA	-1.64996900366407	0.787128450649039	-0.463541842240918	-1.2107815254378	0.22309886096413	-0.875539610332353	-1.19692231082283	-1.07181275732685	-0.398790703388055
"2"	NA	NA	-1.54399060890001	NA	-0.829543129651342	-0.782221527987481	-1.18749630873737	1.62027983174649	NA	0.466594186754915	NA	-0.898132015960056	-0.0315916215789666	0.853650165144843	-0.975313439772793	NA	-0.689250874767038	NA	NA	0.652125030282585	-1.10978246897218	-0.691464068979073	-1.50951308660084	2.4288767517405	0.599007402570055	0.82210647429149	-0.617879082688572	-0.0014651199741332	0.703475345709532	-0.36751119441851
"3"	0.153152088431785	-0.841042068816302	2.10947206304181	-1.20529502213304	NA	-0.720062431924749	1.34457154324076	NA	-1.76406086942522	0.120045756591438	0.0662225338093187	1.23268540082157	-0.975196607476169	-0.490809414766241	0.158200614994583	0.528427660310027	1.04089533277259	-0.588317877361536	-0.549392207439869	-0.168214537711611	-0.359435182673816	0.755837184712747	NA	0.161885313825835	0.776946012010342	NA	-0.32155103147298	-0.879726771367467	-1.73905459430603	0.0655855154209517
"4"	NA	0.439414483052242	-0.548887255379807	-1.19026385605949	0.419027649004341	-0.558690195206094	0.435482005394442	0.648286590095911	0.0552961151355864	-0.233841792200896	NA	0.466930998475961	NA	-0.747452315813346	-1.31422631388266	-0.12516012150587	NA	-1.20825753999088	-0.482192032910455	-1.32851802113426	-0.240119453933899	-0.743010174357396	1.0105435910788	-1.85184346568739	1.11023822616756	1.4320056900109	0.507461554168052	-1.45855477288018	0.720361701314736	0.0612632710817429
"5"	-0.416961719459331	NA	-0.478872921686437	-0.848633333931508	NA	0.396632350387398	-0.0477043346846032	-2.13240108860006	0.633981132419251	NA	1.31587687859632	0.45572083318916	-0.750254452099547	-0.0495478057328365	-0.0574005127401541	-0.223797425692367	1.48255900688856	-0.0715299785212302	0.657660081877991	-0.872695626814627	-1.22602277813454	0.792013683193871	NA	-0.7292959176021	-0.0753641865517565	0.361387070058127	-0.526037722975497	-2.79181678404848	-0.16392548604618	NA
"6"	-0.413470114057617	0.728343280202975	NA	NA	NA	-0.546796569073691	-1.76681294762775	NA	-0.127638924789409	1.1284098848363	0.213938051110797	NA	0.492871611066661	-0.95333036191893	-0.975316558828782	0.553027304371142	0.0166394554508704	NA	NA	2.2306989402547	1.19544059319262	0.437628870965002	0.512754923983974	NA	1.56713458684791	0.737692402302684	0.767352929741192	-1.21992236440892	-0.634656653512492	0.1995208948724
"7"	-0.277528658720362	1.61388341226325	-0.887112485537158	NA	0.530206017306663	0.690942009287931	NA	1.72904254320392	-0.49182550479515	1.22341011889253	-0.0506606220359568	0.227731487381397	-0.0310599726833298	-2.43415996838477	0.727403100617068	-0.81813789057719	1.67771336612088	-0.657369207661927	1.2320051361638	NA	-0.109189412798394	-0.710166694784159	0.607943212934716	NA	0.320264318369099	-0.349327050260659	-2.80748943846427	2.37030190619674	0.0372912429505734	-0.60257003774599
"8"	NA	1.33818483981183	0.0917145773864811	-0.352198567545271	-0.540099524311783	-0.891150084790405	0.0651450922264175	-0.705866918843416	NA	-0.987777421636716	-0.482022978640474	-0.0225980310686318	-0.0763853177719808	0.512297366453361	NA	0.783202726235734	0.0921190876829762	1.9569765649774	NA	0.367292827067411	NA	1.14240165325194	0.0872844209375513	0.563997054304178	0.965992818273854	0.789177328394028	NA	0.442282264483748	0.310642063873654	0.0459014501576117
"9"	NA	NA	-2.03234673697495	-0.614424354762684	NA	-0.954973749087224	NA	-0.523208451838403	NA	-1.39920483591281	-0.118735045043106	0.704500373195668	NA	-0.930807577091129	1.13390306458906	NA	0.380676284210379	-0.667745909536902	0.391313855185824	-2.79197433360315	-0.311456737415385	-0.626986261881875	1.35732582632612	0.458679207420104	0.0638457235721063	0.971663570997877	NA	0.486702796184904	0.030412168256706	0.110235632690258
"10"	NA	1.11392044934423	-1.64389844680163	-0.133465325050245	NA	-0.749866995573386	NA	-0.753378459855293	0.967799384795328	-0.540355441251104	0.333848547755019	-1.03122619481134	-0.239030866928057	0.858558780828481	-0.321700459885916	-0.821917245461132	-1.70567715140102	0.977799913852003	0.563707270797635	0.197090974513327	0.236952617840443	0.774352696552054	1.43966441125369	NA	0.239811875841539	-0.569709963848795	-0.434794563574809	NA	0.255264655640866	-0.177494395905125
"11"	0.775031202189971	0.231244030670213	NA	1.1029456792467	0.460892099621932	-2.0290838341293	0.720816203075425	0.85970802994233	NA	-0.553093203423059	-0.735161959717247	-0.710498169274427	NA	0.528700859053296	NA	NA	-0.127961299882369	0.223052687748846	2.12503432558722	-0.0156320212268959	-0.587745131538376	0.50726995253047	NA	1.65070041027115	NA	NA	2.43021622245123	0.657758575166083	-0.616077758624638	0.562376095413884
"12"	-0.645647936284594	0.45551346491135	-0.662697840047638	-0.770035073118518	0.162550394966167	-1.22770004593964	-0.343491567901084	0.890557529402541	NA	NA	-1.45735995824792	1.98223993664729	-0.972306005865906	-0.0452756118973449	0.671201840576353	1.39725668758695	-0.218377622661065	-0.356406045790246	0.59436565833246	NA	NA	-0.356844805196137	0.301401591256035	NA	-0.42914363111226	-1.82518075805066	-0.35662494140109	0.124689959242142	0.599236057712613	NA
"13"	1.96845884213272	-1.48559075370998	-0.437275389501638	0.0218325565046421	NA	-0.631925351023864	NA	0.746214153458107	-0.189458338675157	1.09518617798431	-0.238622089309371	-1.49632442832567	2.06288714121485	0.0867681621497136	0.605592059859294	NA	0.859250092845821	0.182880484703307	1.21276591601853	0.54953272718056	-0.0635898333245697	1.26244508130393	1.00193771931667	0.637662773644384	-0.559431459228526	-0.877078425641839	0.494453053039794	0.576978153384383	NA	-0.00218455406432916
"14"	-1.00761652980528	NA	-0.0335499465676453	0.2922652818624	0.859869098755447	NA	-1.36148837917224	-1.3102644604452	1.72658237259479	-0.92040160074375	-0.116896946831776	NA	0.0778378105351025	NA	NA	0.233057205875915	-0.308692628183413	0.833176916476575	0.470364398682621	NA	1.37702756428253	-0.940812097213111	-0.589915157012571	NA	0.869574981578365	0.436996241291265	0.597475009334455	-1.31198051166542	0.891461692751777	2.01257185996024
"15"	-0.509420517132363	-0.148601747063802	-0.125826962300641	-1.93909145241906	0.00314631697476756	-0.0900356230919516	0.652853686832089	-0.254138711104147	1.17959669718402	-0.236442020520944	-0.390110207262292	0.169804612913699	0.588534740601745	NA	1.20750415633571	-1.10967057745895	-1.4110321324198	-0.212423104395322	-0.901156122256343	-0.531295042866366	-2.20826168508278	2.42311031444022	1.13914197976012	0.207227973530277	2.08401158124563	1.74105876783226	0.272415721863967	2.13792258137409	-0.127501624592539	0.255472519346548
"16"	-2.1388929490048	-0.934254505786422	NA	-1.36716943880019	-1.14281946909628	-0.460796338455552	NA	NA	NA	-0.414542541736491	1.24287873403194	0.644465217008933	0.969220923014663	NA	1.05826159044916	NA	-0.0571867314100719	NA	0.474537763735107	-1.12927998250036	1.16642224558875	-1.13530663348102	NA	NA	1.68181842883354	-2.02539970824951	0.69172776245433	NA	-0.310064246389241	0.0778559952665689
"17"	-0.241506982532279	1.04834831663691	NA	NA	0.548901990314843	-2.35504551913079	1.33812411443303	0.199101098799652	-0.244955467853986	-0.740113865746435	NA	-1.53506823688859	NA	-0.843887615230566	NA	-0.745094161549259	-0.393508670096167	NA	1.80196368927166	0.103535378849874	NA	-1.00467169505269	-0.233711811550999	1.26801595053225	1.23681181553416	0.449978681093874	-1.93783604705487	NA	-0.712231232334069	-0.424534000423225
"18"	-0.267301286212709	-0.13600217361953	-0.210233899725132	0.105252450547075	NA	-1.1837114345853	-0.276363844980714	-0.110970918831245	0.899504671928951	-2.30737050327888	NA	1.17144276688047	-2.00304674462089	0.701144987887333	-0.750519150763797	NA	NA	-0.021228855626453	-0.123348772516248	0.957337566100026	0.76625452936404	2.26652953083482	-0.344139018523335	0.583544019786735	NA	-1.54904290344123	0.62159483547517	-0.159568836666277	0.242668390358062	NA
"19"	0.966803443793595	0.607845567434048	-1.34308605719279	0.68151330682253	0.967713562289842	-3.00761552955064	0.701655730411337	-0.226481934036956	-1.45763329910267	-0.253383639254276	-0.216922368447326	0.10280391020581	3.18056059133682	0.765837530440411	0.951485501867926	0.688978282055473	-0.283283566152681	0.725804771240336	1.39123497399517	0.486967606655036	-1.0655529344264	1.07308133171504	NA	-0.0691584999533677	1.2038809916445	0.627588182091728	NA	-1.35567150947451	0.437379847113908	1.86732957220909
"20"	-0.024445548216425	0.0473138847755532	1.07394777706462	0.215817752593028	-0.120441035552656	0.919495627059753	-0.309423221335418	-0.2054174099274	0.743597350099998	-1.08745142185468	-1.33696368815487	-1.30581198768431	0.187297657722291	-0.170871314240705	NA	0.135636958535337	-0.0619835154374398	NA	NA	-0.501041961263574	-3.55044512219956	0.676209732134591	NA	NA	0.337431234189326	-0.941630764938641	NA	0.472945759338434	-1.27850523198037	0.594244386183579
"21"	NA	0.274463857330582	0.314171341207565	-0.988804609309728	-0.407023944999423	-0.121108471947907	-0.461550901222671	NA	1.0552485530455	NA	-0.660738082258849	NA	-0.244318314806414	-0.303505448571056	-0.589220465851104	-0.390076575731687	0.0757844918640921	1.55999868352342	1.12908119382437	NA	0.166847131547862	NA	-0.514753268608834	0.769228293905696	0.764247025380601	-1.07401609363725	0.551914634521128	-0.271226364813585	-0.464196835045606	0.836225625146792
"22"	0.391270152673883	NA	-1.07478103253745	-1.9443092145209	-0.178941506372219	-0.109170948797294	-1.43936069124948	0.838355358708932	NA	0.250002928678682	NA	-0.0448920904987792	NA	2.37466253275325	0.47273451912351	-0.435549357902491	-0.388846842858768	-0.355429450990801	NA	0.864437193900177	0.63537065022513	NA	NA	-0.369122924977474	0.200351624807811	-0.0812254583090755	-1.07771175058077	1.23038164215158	NA	0.23971147207723
"23"	NA	0.326250745825504	1.12615693897634	NA	0.669806730077784	1.16694733545862	0.537361522634505	0.40213223336628	-0.858885240921828	2.30085574913212	NA	-0.865657556312381	NA	NA	-1.41725645185523	0.105165241062201	0.26857695293993	NA	0.73289613577816	-0.520159622896148	1.65584316373558	-0.393615306763143	0.155087582251026	-0.198780033546131	1.38043606745229	-0.738163634526097	0.634773341516179	NA	-1.77151043363555	-1.36545051921609
"24"	NA	2.59560874253098	1.35094469538861	-1.33294446875598	NA	-0.0438990320278033	0.670135459418242	2.28433881780022	1.12741892685185	-0.210625701756071	-0.730068197218656	-0.0693639350830098	NA	-0.332186264960111	-0.25883265578704	1.0103735084031	0.0730837889294832	NA	0.618812316384196	NA	-0.883050005134552	-0.368955496014192	0.564934224660528	-2.33781736327293	2.06968830722664	-0.0507706343814055	-0.265520220465174	-0.917063838422383	-0.0498858473954378	0.923249825780858
"25"	NA	NA	1.40518985883064	-0.21876197309959	0.0929595428498619	NA	NA	1.10514891373185	-0.578927999794086	0.419133927238982	1.4294781461327	-0.371323818836821	-0.454810491192028	-0.276215871871511	-0.777279737757501	0.413608282159451	NA	0.950239260543082	-0.449538380478108	NA	-0.687413188599546	1.82316450182094	-0.633704829280035	2.10129906244215	-0.310603136237995	-1.85303637706841	1.41688647763893	-0.952391223264425	-0.430247890993187	NA
"26"	NA	-0.797756080995897	-2.37815569825995	-0.0713214513165177	-1.01805829361249	-1.02242592876822	NA	2.25047448758008	-0.241555072832899	1.00070543901184	0.121326984615656	0.887523553102357	1.89418514556161	-1.056328052019	0.0171883999404433	-2.00723881818547	-1.36335534643114	0.0634108602836251	-0.710102703999681	NA	1.52422689858927	0.302093585730999	0.22111612027199	-0.0432955852053519	-0.690670957266266	-0.663804688776486	NA	0.79145977163915	0.482854469281507	NA
"27"	NA	-0.125975678820797	0.497082929926069	NA	-0.869623348076819	-0.062871480813453	0.169646228175124	NA	-0.902015847922369	-0.0996353771820522	0.602930936431573	NA	-2.68933144267659	-1.48349707350428	NA	1.07815637964476	-0.0551172149315753	1.09609903371937	2.10512944502133	0.328687510340653	0.0273489277777629	NA	NA	0.30659734502675	NA	0.0597309242612426	-0.446398272610337	-0.527340034691017	NA	0.0854758752454613
"28"	NA	NA	-2.04989473674417	0.585139158338691	-1.05301940251313	0.0897153544954929	0.379079128207171	-1.48457676605112	-0.834589837690072	-0.830598358974667	0.450530531525158	-1.49063846697096	NA	0.607029323731406	0.75889370645153	3.15789647619633	0.0519379666387909	0.789392766167812	0.810813641619715	NA	NA	NA	-1.12980495860354	-1.04239319997199	-0.917054432950784	NA	0.113267837313999	2.05559143113738	NA	-1.0410588536979
"29"	-0.0849886440401755	0.230196262975124	0.421240303342358	-0.994640087743249	1.14736832675448	0.449348827512976	NA	-0.908814060202034	NA	-1.22157394199515	1.85340969155806	0.947512878258143	-1.37077299335088	-1.10819502732195	-0.100425836263564	0.140106121649797	0.656844718360717	-0.0480241569808295	NA	-1.8479418453814	0.0315639669619379	-1.33158703331962	0.259151184484836	-0.329441190349113	0.37309363401861	-0.503105331163638	-1.25240459484609	0.241618442963967	1.65379872355784	0.517916582962253
"30"	NA	1.57001883284294	0.891524289001482	0.981394313459073	0.333808876906289	NA	1.30428773424907	-1.64959391929497	0.136653228419734	0.3653946458962	0.40774962433642	0.488441830918438	0.896926208619566	0.900986114044385	1.08198228575629	0.196779437670962	-0.750565495668405	-1.30377899985548	NA	-0.252410056070803	-0.203653529045453	-0.251014334618495	NA	-0.0455983953634318	0.341953902035486	-0.162829069019415	NA	0.735412188030698	-0.533220316336639	1.47407042369203
"31"	0.674927037118433	-0.735848901663721	NA	1.10004735927998	1.56340691796456	-1.32771762816864	NA	1.45469484893081	-1.22327960788773	0.686926168789227	0.787957865450792	-1.65150674732786	1.2944565772658	-1.40002484206241	-0.233029678697978	-0.714568700490349	NA	-0.746424518745027	-0.0325633383035273	0.633068323794137	NA	-0.233527782434913	NA	-0.0791278426898316	NA	-0.280457393730015	-0.598821667030587	0.557313995305046	0.522451965884904	0.19530320952177
"32"	NA	NA	-0.526996256302355	0.0672976370232871	1.41108152211049	-0.367663583305137	-0.731708327127229	-0.109776750739682	0.241315248056577	-1.63604636055808	0.104501615108218	-0.069242622601396	-1.53086456200348	0.885254455537084	0.882682985310813	2.31535437252058	0.115258630102859	NA	-1.35416233999003	-0.651769651358481	0.947203420103581	-0.159007166527708	0.533470760313966	-1.25317654502931	1.30506718482396	1.19338426070488	0.153206073497094	1.33276071307909	0.118683875808363	0.588129208951169
"33"	-0.383139173639214	0.87682022833108	1.09743141835793	-2.36005833290376	-0.535911106278511	0.316571687762308	NA	1.44386916408012	0.85048786356157	-0.614752210328067	0.592709839096916	-0.519073227036936	1.60257933847696	-1.70122359777965	NA	-0.0469542188365411	-0.0397047914687773	NA	-0.431339104069741	NA	-0.177505878917945	NA	-0.844643489866997	0.700075961720203	NA	-0.29464221192282	-1.91852855847674	0.457197013821408	-0.19932090240536	1.38767476764021
"34"	NA	NA	-0.921947697086218	-1.12963221878045	1.13127460714211	1.24757514806775	NA	0.0718898329607847	0.102690773039044	-0.553286844098647	-0.802172966279531	NA	-0.663489035635986	-0.653093099518351	-0.789291496571223	NA	1.27857740933899	-1.75954797110348	2.43578075930588	-0.230596527752233	-0.375020737602143	NA	NA	-1.66063932712451	-0.0460184861777946	NA	0.332042074634956	-1.98484765470587	0.0911549533432459	0.505315282949983
"35"	NA	0.332333884364584	0.71404693367645	-1.03606340816726	1.07781782357799	-1.27363959476134	0.124367739115	-0.694099663418963	-0.553276590592773	-2.2073783668637	-0.190874129748271	2.35509813659818	-1.92175588265049	NA	-1.06931404931544	NA	0.167624564838017	1.5922668205866	0.830021914738577	2.17380746856886	-1.39250112363018	0.638694632219367	NA	1.26783745661893	0.517961985381095	-0.249180219940833	-1.09380269406541	-0.725175787904066	-0.41050940287101	-1.01592123516647
"36"	-0.936400923481928	0.686580717373892	0.177824263446699	1.03473848315891	NA	-2.50712027133259	-0.861864950962525	0.286372148312144	-0.021783552470761	-1.12113040262424	-0.0858609236826829	-1.6950475700917	-1.37074826824016	0.245411865215315	-0.16480915913381	-0.468314805200824	0.335461373611826	0.504127030500456	-1.39670140112019	1.37121496447154	1.04526613013826	1.09631078463227	-1.86527622404597	-0.108769133921212	-0.0955901795588402	-0.765695401277395	-0.211782251468862	0.806333047225932	NA	-1.47173967886865
"37"	0.501018196214342	0.382692254409542	-0.389338515768552	-1.96897099636062	NA	NA	NA	-0.0490034936426652	-1.39066921168645	-0.274448097057594	0.0849025328957906	-0.6062517993378	-1.47374927421641	-0.220801226277382	0.529809774282228	NA	1.33648779365489	-1.37680318362755	-0.158247675487345	1.37865759400985	-0.360504474381635	-0.510518127422342	NA	1.83970478232785	0.639412236114009	-0.696557772964176	1.31286504143878	0.645700833804492	-0.7615593383026	1.19310915221649
"38"	-0.636350395474301	0.772245529318879	-0.14716413522863	NA	1.59821496449824	0.11240154176944	0.213972950595638	NA	-0.526433101274464	0.91665532538163	-0.376759842766853	NA	-1.98557751344082	0.171897431610933	-0.170142980007134	NA	-0.116578046447253	0.852346908172842	0.549530234756837	0.921942134919437	0.938397978197552	NA	-1.32310075058206	0.539823428876359	1.98943209257192	NA	0.104056005192992	1.07468447129665	-1.41287280394751	NA
"39"	-0.776129269765206	NA	NA	0.416373221944841	NA	-0.0161942012481715	0.186435477272993	0.163460068642625	1.07979314655537	-0.242579999560481	0.967554847501303	1.44343725430615	0.923867349125433	-0.565466908086956	-0.906237547573394	0.797169637334651	0.930916289801523	0.634172529954002	NA	NA	0.196709530747089	NA	-0.698579187379585	NA	NA	1.69414095296035	-0.332161820674792	NA	-1.28838985580601	1.32012628845203
"40"	NA	NA	0.374075500678569	0.0550908993574643	-0.403307042717295	0.146115678577844	NA	NA	1.01617192610453	1.33583669597755	-0.779443111864381	-0.592412157149665	-1.81736425151762	0.844699243990906	1.10279145104996	1.67375112827483	1.60649816019701	0.605136722601557	0.147443386378985	NA	-0.641797414472241	-0.510752282099193	1.09145465890498	0.634777803881076	-1.69905239231668	0.87786261136058	-0.842890176320518	-1.00202386800099	0.146204126796847	1.09891938529104
"41"	0.421554921534678	-0.0574785934203096	NA	0.0447680754594456	0.56413718121918	0.879676753440817	-0.245293370223218	NA	-2.25006551063547	0.771840952178788	-1.24422136249506	0.350324529149885	1.70697475734799	-0.15162252282552	2.09738858944754	1.53193046338727	-0.178980951678873	-0.340742823319283	-0.195671011773867	1.16096407508238	0.757581272945122	NA	-2.33164602497195	0.201431041572587	0.272174816917225	-0.863841297142886	-0.407651938014373	NA	-1.11434618895107	-0.606801663305316
"42"	-0.499784029341655	0.334173170695061	1.96735762155493	1.07169607370546	0.299847341091368	-0.452501591976473	-1.37666075285207	-1.08302258178942	-0.100242460128493	1.03533133703983	NA	-1.14457847534243	0.923550176177132	-1.38225572419288	0.223270950439283	-0.911681891825302	-0.921690022959966	NA	0.393639228632589	NA	-1.1278334569794	-1.82841345791635	0.753926176344467	-0.876551109847085	0.165221392473913	0.00429220195512138	0.0109789136332578	NA	NA	NA
"43"	0.145305885417659	-1.92118934019788	1.66350789782706	-0.694741775674554	1.13482064539959	0.623304046227978	0.339970267236821	-0.786091623954096	0.999513432060394	0.49297723435516	-1.39409181501381	-0.662718264380572	NA	0.134582192567488	0.186818094458089	-0.203047816266486	1.15505027029155	NA	0.9194749351581	-1.26077877690932	1.27603979594061	NA	NA	0.0296774838512383	-1.8985090090317	0.563370561103792	1.07648848704803	-0.189171006448212	0.0273866571583039	0.126392945327194
"44"	0.783634849250007	-0.505222033049683	-1.52318251948568	NA	0.946348185504936	-0.493796164166957	NA	1.70646691404733	NA	-0.282367926730883	1.0623864976003	-0.158984228388487	0.59074637159355	-0.180886360482998	-1.24291342707212	0.52998490721637	0.0920735660113352	0.35458359552993	1.02068797190811	-0.619061142732078	-0.233025060335994	0.788739491912879	NA	1.07800035426501	-1.05351195113559	0.146485154626157	0.0610611044605832	-0.072266964491734	0.123268025755118	0.55559689222969
"45"	0.806989440260483	0.485591420570383	-1.29170026882371	0.0132013566505749	NA	NA	NA	0.504935905438913	-1.34575498889123	0.319601098508262	NA	1.55914741261432	-1.40335629251982	-0.382347967274957	NA	-1.10852831131073	-0.428686679555337	0.831239236151813	0.0126945271048644	-0.163101279787319	1.73868206367671	1.31565274658566	-0.540461248964505	-0.913869733626964	-1.04890424931401	0.97553677264399	-1.08654740081246	-0.797755647712251	-0.348781360283207	2.15883551665752
"46"	-2.27447671658646	0.312373911400363	-1.15349588686637	-0.319119161928424	-0.203909881412896	0.69461492798065	-1.28488543028982	NA	0.187098225805148	-0.183898563996589	-0.434367020392472	1.23449497715316	-0.122149715610217	NA	NA	0.119681085771429	-0.426330180713186	0.979747936845352	-1.4033333802726	NA	-1.53342437480935	0.847100212146432	0.890032388573121	0.159839692555499	-0.909942757891763	0.761910791767885	1.49441703190117	-0.0409125196039004	-0.173165630881053	NA
"47"	0.354478197053106	-0.328342662318426	0.269366816141016	NA	1.32398197753642	-0.0386670990297902	NA	1.11904696833496	-1.24450871532899	1.16110183587667	-0.440550701122133	0.575550083643102	1.0635972491373	-0.0987207939898739	0.83898108104772	NA	-0.823206216218014	1.38765620527418	NA	0.473062101114232	3.5516340962402	NA	NA	-0.478056339173215	0.496652992976649	NA	0.932124038266135	NA	0.684915602085036	1.17175419447128
"48"	0.884698493781799	0.723648645825278	1.4865934162366	2.61143423587222	NA	-0.695039936266296	0.68325336805013	-1.23463011535697	-0.799769964081534	-1.46401091995882	NA	NA	0.195453547549187	1.26936317699514	0.633364512966227	1.48739392001327	0.942067499197784	NA	-1.57406734462818	NA	-0.63233871731766	1.07120153097324	NA	-1.11882731366295	1.85551454382407	0.0429470667037279	NA	-0.100051809964508	NA	NA
"49"	-0.314767584563172	0.0806314976228869	-0.548525319769254	NA	-0.653979452963981	-1.61285902420192	NA	0.684003767139953	-0.830793513474076	NA	-0.421260111237065	-0.683802398272097	-0.0783976519570551	-1.02840969790144	0.64137265109184	-0.701645918863593	0.614606035700064	0.150501308528868	0.12390009502732	-1.2911633450162	NA	0.355585225560351	0.282857954164016	NA	0.742554027436671	-1.80102169097172	1.06342899811665	0.678636210488999	1.10878433157789	0.953698183091886
"50"	1.10493893760955	-0.132898254368233	-0.879405040688428	NA	1.55149295900941	0.857568093890867	-0.260495022542697	1.63277854493322	1.06828905769582	0.739475899807879	-0.860217462696087	0.00272844799783004	-0.778004146468363	-0.210929293216646	0.988410814918158	-2.35581825330716	-0.360092944936731	NA	NA	-1.22440977751483	NA	-0.73726339266708	NA	0.183895095420738	-1.14788725490141	0.13435874202631	-0.329062252309033	0.307102730560617	-0.911254453681432	NA
"51"	NA	-1.09576698076328	-0.393125702588704	-0.461788572337958	NA	NA	-3.03373065100981	1.11778814827015	-1.21833285273647	-1.19965534595505	1.99425145310903	-1.2697380418995	0.289228871912531	-0.665954715321741	NA	0.137753486007547	-0.83667428944418	-0.907042019807987	-0.391657664675498	NA	-0.586971995792292	0.335506166991978	NA	-0.645780924013887	-0.814904475777657	0.00918993858130506	1.14922480748339	NA	-0.321371405580342	-2.32344694553744
"52"	-2.59639392906951	-0.185002140313502	1.6540474583118	-0.257612708104557	-1.61656948014208	1.09458344367218	-0.344009118933378	NA	-1.4716667309027	-0.909183463819533	NA	NA	-0.467424427647223	1.60729472759976	NA	-0.72973286610831	1.08645574311213	-1.07708999281843	-0.204994395326267	-0.754141042033864	NA	-0.0536269240364081	0.630827125182935	-1.22121039764555	-0.419071868963643	NA	-1.05331837572462	0.574134451642441	NA	-1.88517726373014
"53"	0.600999262669897	-0.201737395138029	-0.431459764417789	-1.09057913943532	1.64808770285187	0.331714742476883	0.784451205676875	-1.07962780702506	NA	-0.581823810915251	-0.968733603058496	-0.697154401785259	0.189609068513167	0.346079044178136	-1.59053721270687	-1.14310496290265	0.41203939883313	NA	0.147598405087089	-0.333702183050874	-1.59040380114151	-0.912653722628807	NA	1.25808744233365	1.56236131031623	-0.588340869441155	1.27737031544031	-0.0470229230713262	-0.298547158446751	1.14234324493097
"54"	NA	0.405494347206147	-0.558104433863819	-0.881319242651835	NA	-0.649907981169116	-1.47423086308316	0.218257911423457	NA	-0.662456629313358	NA	-1.47007765016565	NA	-2.17737083110626	-0.755889117426676	-0.244263599326409	NA	2.34163637236061	1.38269999740076	-0.669905709054079	NA	NA	1.07888832137308	-1.32937322175684	NA	-1.65061582895755	-0.413615725747551	0.610985670160408	-1.24781497359867	0.105219834515416
"55"	2.19734951167538	NA	0.735393793408122	NA	0.849430018414693	-0.612105887144295	NA	-1.10073818126066	NA	2.55454367270338	NA	NA	-0.80469114188655	1.82765374473612	0.158226754182364	0.430699628562347	0.516601555694571	0.126234132024585	0.161061944999621	2.106441663197	NA	-0.174045136607767	NA	NA	-0.800530078470291	-0.713619141226964	1.61506472785399	-0.835169791401931	NA	0.0720437835660046
"56"	-1.99159119499269	NA	-0.555060579837864	0.660207313177405	1.05912602339001	0.742652701571963	2.60229745912994	0.832524466058027	-1.09551342268049	-0.919439260333983	-0.39074825612241	-0.691292671703955	0.279852310379134	1.39873483774918	-0.117930673697978	1.8881717197322	-1.13456160728545	1.01058913575311	NA	-1.17035542555836	NA	NA	1.39675034767888	-1.41835538077786	NA	NA	-0.843987726629831	NA	-0.228508756854931	-0.404364771023255
"57"	NA	NA	-1.63375877070257	0.0754456715433349	NA	0.0217092677025746	-0.509734499515235	-1.61427418906044	-0.224061973202068	-1.70855231102294	0.40288412467352	0.281654667103701	0.64340086060971	NA	1.4307783111328	-0.482565348378351	NA	-0.162310068621032	-0.694717679659339	0.918859622888872	-1.49412326462703	-1.30440400717375	0.141422089065455	-1.25766926833836	-0.42300682875447	-1.17168561924412	1.27585450758512	0.629564486347783	2.52209687929996	-1.49621879445537
"58"	-0.454979686170634	NA	-0.350862805526565	NA	1.08078543200145	NA	NA	-2.34915364885393	-0.0973991186119472	-0.931031027195233	NA	0.326653719106668	-0.569044074835725	NA	-1.43519448338643	1.96042741753738	-0.721688750915754	NA	-0.516043471364571	0.29408311597736	-0.931799021229996	-1.73988567210159	-2.85128389935388	-0.989067078286138	-0.0351044329725266	-0.719371864816581	-0.363020331298231	-0.00544677737250967	1.9819082379692	-0.4486727522606
"59"	0.58888087855296	0.305714834782731	-1.54859252499524	-0.560376265212562	0.382283953853998	0.96107188832867	0.571604936970469	-0.746417329782162	0.601426546429282	-0.726417277124525	-0.0139072471314822	-0.499637160447561	2.20291416173582	-0.216554415772186	-0.27875579780582	-0.332619430875997	NA	0.303023283137106	-0.431339471820008	-0.256821751292369	2.57752551892185	-0.422452742990757	-1.05813431907479	NA	1.20218841360182	0.731233381116668	-0.33897550735076	NA	0.655555268842546	-0.171349000394323
"60"	0.200037953627053	0.0237386792557041	NA	-0.426492794371818	NA	1.77815036196314	-0.755136569683896	1.01196347768358	1.65687215118801	-0.0234096189077073	0.176405349879101	-0.308539367267529	NA	0.586107862863976	-0.179871764568992	-1.21460237459291	1.20309207270634	0.81784493930709	-0.60772616721059	-0.144202027099541	0.746760350874411	1.6890041716953	0.260290287690767	-0.410561642384188	NA	0.0588347925925665	-0.486568403176978	1.68085223754291	-1.13222128839724	2.02739581300665
"61"	0.166425279876465	-0.51726839193913	-0.382911150147251	NA	NA	1.04817946083871	NA	0.583924572571049	NA	0.0577353852336672	-0.723869610396576	-0.369570737281659	0.457788977311813	0.435875200339146	1.0514587373617	-0.486786250413212	0.348687586161274	0.94985837749668	1.35057615760812	NA	-1.02280457771299	0.424488264774555	-0.66728169891494	NA	-1.14804089958435	-0.366158135884388	-0.553124137220594	0.429963787845213	0.474595425953502	NA
"62"	-1.19532310166196	-0.550241181399702	-1.53415484079444	0.288030404146047	NA	-0.299904478778519	-0.712215091515503	0.376409443954	1.64661366454779	0.922717453329325	NA	-1.62461799600984	-0.266142461295832	NA	0.32996662961954	NA	NA	NA	NA	NA	2.66301243072024	1.05960908179121	-0.344198478541529	0.322826594425364	0.153180144051465	-0.733773851376948	0.124575387894827	NA	0.329187627882592	0.696038540296978
"63"	-0.685521682192448	1.86847117450959	-1.63787568730072	NA	0.00151181413274218	-0.683551746950707	2.13508154007934	-1.68044840728616	NA	-0.339832287587289	0.878647618501654	-0.177084670068109	0.0784934091653237	-0.263682952886926	0.897307740953068	-0.179391255049035	-0.87290385151543	2.13454361340299	NA	1.10753394671421	0.174877075327867	NA	0.300787430743938	-0.706633839825167	-1.28537614298489	-0.38678998919998	0.761691393458265	-0.628606269304655	NA	0.783855092677899
"64"	0.754429891827184	0.689474148050587	0.216755853936895	2.01407411393034	0.322418865712387	NA	1.76318476018783	1.46156471017573	-0.325585763569858	0.903631543259721	NA	NA	0.117210277371185	-0.0151808835709926	-1.1547674988969	-0.101130793910616	1.17543895991694	-2.04553790345105	-2.64130430889897	0.911116908696595	0.657305385071409	-1.66036167636828	0.401645147679187	0.977265789848172	NA	0.240917964519981	2.24315326639031	NA	-0.707612979197406	1.05244279635757
"65"	-0.961248871731037	-0.206397124642272	NA	NA	NA	-1.99124351528197	-1.84465646843889	NA	1.03510256424143	0.512098697323537	NA	NA	0.219587735113386	0.164165691187566	0.56454587776197	1.88397893462228	1.66151653273606	NA	-0.506133005338216	NA	-2.08342956820672	0.222627364540454	-1.67760730852334	-0.0954905513669795	0.665559143913925	-1.06421218659048	-0.821284426550345	0.880262704523104	NA	1.30232613912507
"66"	-0.868990044884731	-1.40176273501618	0.262399414614668	NA	NA	0.613947820178689	1.331267335296	0.331727210289025	-0.354637164969208	0.20613310595437	-3.17526769886628	1.02141951979968	-0.714200904167618	NA	NA	NA	NA	-1.50331751946571	-1.44664776924274	-0.691188986296207	NA	NA	NA	NA	NA	-0.0559170609273107	1.32844419903751	NA	1.80786918870869	1.56981882369699
"67"	0.170030418063066	NA	NA	-0.734684129632342	-0.959992958071354	-0.531376378380826	NA	-0.0567918203681042	-0.810622763861881	-0.659177715809576	NA	-1.26907807464101	-0.490493640772528	0.882990565815463	1.48679263676332	0.66024797771511	NA	NA	-0.954312561250523	NA	-0.716565789174661	0.0782541095774632	-2.67427215015827	-1.39041879258091	NA	1.15368999543507	-1.65867568425997	-1.03874045211462	1.64270185892503	0.276327382168586
"68"	NA	0.620407451457398	-0.659232376166897	-2.16382487423481	0.918421044452057	-0.146376369130265	1.53786643360033	NA	-0.54834465310673	1.72163558816698	NA	-1.34528778777972	1.33848729730781	-0.0292652158896181	-2.44042816469024	-0.37499235372629	-1.19159855296042	0.406191378712578	0.430206058161576	0.0703182474484403	NA	-0.252363193540386	NA	NA	NA	NA	0.995381211299829	0.547714222039936	-0.131435745064146	-0.797757745252895
"69"	-0.238560658090268	1.14975801820305	1.50377765288572	0.239892366856518	NA	1.05570855826107	NA	-0.462862634806153	-0.990883380463553	0.152002161550078	0.492546262877425	1.00168564089451	NA	0.901080071997441	NA	1.21731082281857	-0.0440059293331001	0.717824132855614	-0.723443028473874	-0.593304492191598	NA	-0.367084376094972	NA	-0.324820538650268	0.173691682680071	0.501965483282869	0.435544939932621	-0.370124676257296	0.164468424185009	-0.729547650482033
"70"	-0.698804273065075	0.519419475160632	1.66306680085068	0.571290793527717	-0.685905603076688	1.17996549484234	-0.91854663629078	0.00212833922582792	-0.60437005637723	-2.25261917762935	-1.41671791372098	2.1474431417402	1.6602463023469	-1.32186435764021	2.0108360383349	0.656460822635046	0.873042235946272	-0.228972023828747	-0.0290386169120678	-1.78746494544046	-0.359777379680262	NA	-1.7792537794907	-0.473084815701903	-0.755336539040035	0.19823336732873	0.00565193270181256	2.14166633577475	-0.705711983872671	NA
"71"	1.20847406122883	-0.582391063993003	0.42242009663187	0.333176779592485	0.0725410339289781	1.5378215291988	NA	1.28650384735187	-0.254340968513375	-0.618120512762739	-0.653658551345193	1.16661364542158	-1.59533549183643	-1.92026886325423	-0.835940823640698	-0.345740782611913	NA	-1.29785858816085	0.914694964779933	0.545086134615077	0.567815522740701	0.964826156368879	-1.12252217281177	0.233925828878428	-1.4486290818158	2.05776637941668	-0.39335071129458	0.0134518824673208	-0.0691127288569245	-1.3752036084033
"72"	NA	-0.0973106135659512	0.940275852426421	0.251983581814054	NA	1.87856493314709	NA	-0.0458375332324693	-0.526394604990735	0.15072429091449	NA	0.681787133585908	-0.104716661509635	0.269937336861402	2.49981272701983	0.149066821121188	NA	-0.177094110272628	0.109667995781198	0.0808324986717976	0.563184900481377	-1.53316052226001	-1.07074740779516	-2.73651732725269	NA	0.434528926859468	0.207182708468626	-0.68586651455162	NA	-0.189746158853808
"73"	2.53452449209267	0.59905838554405	1.4442198100607	-0.469441914384115	-0.201946447558909	NA	NA	-0.388588489313418	-1.32131283973509	0.275679267136565	-0.382680587117885	-0.62724288594023	-0.256097792634971	-0.953304384778928	-0.0174099228353764	NA	-0.2045340394584	NA	NA	1.1878168137596	-0.430063152278629	0.315660952562848	NA	0.145607363379822	-1.22893864133626	-1.16107556639919	NA	1.13869604763978	NA	-0.915029130095367
"74"	-0.61941684626379	0.0555898055165197	0.215334732543235	NA	NA	-0.39407487537707	0.466690555599444	0.802606947652516	-0.837273331419536	NA	NA	-0.24962001449814	-0.879275911774974	-1.93191500492379	-1.1873686355672	1.13049712677649	NA	0.728014509254451	1.16790361968867	NA	-0.232820874563698	-1.33722624132529	NA	0.955348604708459	1.54754811936199	0.279556254031227	0.58260443651371	1.05936342170478	2.32289336549795	-0.168810882166712
"75"	0.337565880865207	0.500844472856541	0.482508656348079	-1.61887213197264	0.373193455947856	0.380259051131524	NA	NA	-0.0868088317803015	-0.622702935145435	1.04274397861091	-1.28299196599035	0.338489333009017	0.276594991041564	NA	NA	-0.531863451440044	NA	-0.0645939532570909	0.245963947247147	-0.819767081614624	-0.901867929747637	0.203050230891841	NA	-0.59437690158688	NA	0.234095005579529	-0.703840472958638	-0.0401609480904288	-1.25383537656992
"76"	-0.240466691955798	-0.871472066631269	-1.27465320121144	-1.16043503567588	-1.57003864888493	-2.00432957588591	-0.657890775725897	-0.551105162349835	-0.0851033432692648	0.222049972763096	NA	0.941684387856866	-1.70110527036614	1.16182197580369	0.59509496013797	0.728276126506938	-0.935799720233045	0.925921544976982	0.562853402796443	0.1526638551806	0.38376523627734	1.06167997173589	0.697635899610569	0.194267185093782	-0.370504152108581	-1.76754951799073	NA	0.562254620043903	0.95241109233253	-1.5467405615024
"77"	0.295652624339802	0.24016818489557	-0.967119009224485	0.981898963171883	NA	-0.493378242399674	NA	-1.63392825351582	-0.457402764603148	0.650687118382565	1.00055296428213	NA	0.463419299080166	-1.75135794643447	-1.8694057675862	NA	0.570297007550433	-0.105492030721794	NA	-0.291707132316448	0.401765960216516	-0.0541678537042601	0.863363170595947	-0.56523785074053	-0.376702252200696	0.943344678563034	-0.918322136440664	-1.19517820055137	NA	-1.57305087241797
"78"	0.930229902467492	-1.34177414782737	1.20663982568182	-0.608188875654455	-0.758584823749477	NA	-0.533080695529843	0.650693041220785	0.349020163940067	1.10759125113969	0.719223358046244	1.17029182923988	0.62590135015753	0.894481737226815	2.19671946430718	0.634910552213537	1.31272357205479	-0.0777109750950721	NA	NA	0.857732952787394	-1.30835352237382	NA	0.585903256025086	-1.72410221105555	0.152025320692398	-0.132496225189723	NA	-1.81468166400803	NA
"79"	1.81322894299202	-1.19019345789133	0.0899068136088787	-1.18199504400976	-0.454737425918242	1.32349323997157	1.29258815172817	NA	0.76605265487096	NA	NA	-1.31951661106347	-1.46223049730071	1.15871714700414	-0.449052663596121	0.697480651683325	NA	NA	0.093393846013033	-0.109610734099842	0.376922061922771	2.4248477958165	NA	-1.06325153487362	-0.708030999875378	-3.35091869298827	-0.712759229057455	0.0926458624403995	0.363414425850378	1.91392785277387
"80"	0.139216812561673	0.697618013241217	-0.0875222546738826	NA	NA	-1.41299333528472	0.212099931462124	NA	2.41597366883313	0.334671302210913	-0.785228810357733	-2.00368876640655	-0.1851510267972	0.776426507722214	NA	NA	-0.296596304489126	-0.734615012881626	-0.153477081750365	NA	-0.835196390610636	-0.550228743508576	0.364475176158789	0.711051079261068	-0.171765421051608	0.0499285917094398	-0.125617711399588	-0.544430197452522	-0.472856956203653	NA
"81"	0.525533100966333	-0.473697536221318	-0.0432083839890426	NA	0.195063615471287	-0.184970197419252	0.172095341747067	-0.682946385800449	-1.63262449608428	0.242573536841772	-0.305663430188322	1.85048939240293	1.79499564994126	NA	-0.639070022884188	0.506196694515417	NA	-0.351000677362944	0.605718429968564	0.736514432104031	-0.0945949699622592	NA	-0.300195070439773	-0.0236535178572843	-0.315547966686617	-0.0840147710718855	NA	-0.544262676268306	-0.338522753116072	NA
"82"	-0.0948446579602226	-1.09219024580958	1.20491786538823	-0.139112159950657	-1.17491052764415	0.960885431516647	2.15627416544651	NA	-1.56229760015744	1.97872866781468	-0.168169463846933	NA	-0.579592122667742	0.360156472382453	NA	0.799120482309426	0.637935558474705	-0.438493523055624	NA	NA	0.761042265270076	NA	0.354747442899936	-0.33325955047053	NA	-1.5511257232723	NA	-0.177272238363036	0.00937612123526699	-0.929624223627262
"83"	NA	NA	-1.33312406055297	NA	2.6798585860048	1.42511403657642	NA	NA	1.16680919422695	0.307312861046192	-1.06877019740036	NA	0.563050646048715	0.839377374662164	0.21783017163601	-0.835031518024949	-0.643009416730498	NA	2.80225295580584	0.319979086052408	-0.876961606091922	NA	0.983302932044137	NA	2.05994005787744	-0.549085391399808	-1.48828239654882	-0.912504776758343	0.562392883604473	-0.369880075157097
"84"	-1.03850287327985	0.742227281755874	-0.227126101985588	-1.8230873391307	0.960621146213224	-0.375381100937396	2.01928337396578	1.93297667956862	NA	-0.298609436998312	-0.411881147735759	-0.146999567661906	NA	NA	-0.89898278390464	-2.20383256918556	-0.592515910118599	1.77870624562595	NA	-0.657706260784065	-0.136065633070667	NA	NA	1.00212051308314	NA	0.907518676468933	-0.759533936801419	-0.816522730249904	0.74094537563965	0.744487862455606
"85"	1.05174125690854	-0.343272333569185	-0.541077982448459	-0.944380720696545	NA	-0.104208516816364	-0.995162526260418	NA	0.695929264287103	NA	1.47662529680124	-0.763665099382968	0.118365177127289	-1.54111647486453	0.323534057112102	0.244673852059838	NA	NA	NA	-0.742933744997436	0.270974335384255	-1.49926184708577	NA	1.38019136443033	0.652376416831048	1.17500497665398	-0.410062233249551	NA	-1.25708417979046	0.277710864292052
"86"	-0.940121959048931	-0.411949021369046	0.285177608256453	NA	0.445551160277656	-0.599719850837285	0.138408820865772	-0.380632609252481	-1.06757118934886	1.59368722493414	0.614591525624474	NA	0.938712441518899	0.211503684626919	-0.0244713799799382	0.923344386286553	0.882783993568923	-1.32905014949425	0.740381372564642	0.229213596143793	1.46542578746683	-0.678944206785653	0.713038275396481	0.663292979545684	-0.599950419975932	0.461946890533665	1.58854714177757	0.67960478966575	NA	0.0761264887162162
"87"	0.944437229020857	0.00377256723170221	1.25913283275456	-0.708660970058527	0.0488434141304021	NA	0.440329267441371	0.18300677483029	-1.23334611191126	0.846707431101913	-0.651892680904202	-0.383216095126862	-1.30583338960014	0.91863766671905	-0.966226047862681	NA	1.43227773595161	NA	0.524691191996963	-0.0694347961488819	0.987864090959814	-1.07437499330782	-0.149381458335213	0.670204147673931	0.653298594585167	0.0145076854170011	NA	-0.840411177942967	NA	0.353366008180227
"88"	-1.16032613778429	-1.56007196072443	-1.82488065863818	-0.572499584544504	0.969296495484879	-0.48988562490175	-1.23489732125902	0.457137600679843	-0.549100891367339	-0.0461485695867771	-0.187854540759361	0.696496314164981	-0.339987495348435	0.475550853771631	1.72643735349084	-0.963003712871287	-0.0438027604204135	-0.661021366220198	-1.63426726274147	NA	1.38275399587937	-0.797489461113891	0.429981345844209	NA	-1.68398944968266	NA	-1.51150846207487	-1.47737274119456	1.30525911211803	0.0731438675037094
"89"	0.288514313644589	1.01071075242696	0.377115324279081	-1.56812692160321	NA	0.157699750996872	NA	-1.34502952156867	-0.999986251258573	NA	-0.0537394551983357	NA	-0.103894749395721	-0.570413184476523	-1.00692059215918	-1.40934095758224	-1.15448497630756	NA	0.584740267892774	-0.147074046915979	-0.487088136403118	1.13308164337447	1.9238508487626	-0.073642684220551	0.137801442917688	NA	NA	1.92066497527725	-0.109495192780677	NA
"90"	-0.468702838770967	0.094353648854964	-0.162480525413151	-0.322090958759886	-1.94612009358974	NA	1.48050533660803	-1.931740061914	-0.871342940323948	-0.393494797195959	0.982602940056584	0.549687202418219	-1.17564188999899	1.95318886973989	-0.984181129032792	0.527897637121081	-0.471816609320724	-0.296023448477886	-0.46017980410764	-0.45759890883244	-0.491452289723517	-0.680612540219023	-0.052817996205963	NA	1.61188089414409	-1.37020912258987	-0.432474981648293	0.789452172581432	0.726204920283457	-0.434199962918689
"91"	-1.04156475538268	0.895754150713289	-0.268421094891658	-0.480218763229884	0.0361669818059421	NA	-1.24812765850962	-0.477062257961179	0.696461563950873	-1.00805021938017	0.80083931906899	1.01004528729885	NA	-0.088683454529783	-1.45399596885198	-1.16123538214613	-0.99999370536635	1.54845739659252	-1.20598288140159	0.637516492047862	0.809329629889632	1.5062646434271	0.384106639797237	NA	1.26305750948415	NA	0.528151311671785	0.0545083347133039	-1.55344962178379	0.147203959957707
"92"	NA	0.649509055764546	-1.11078035860193	1.44067673974628	-0.50895849723436	-2.62788202745854	-1.73422386227405	NA	-0.568447346508086	0.589796524072694	0.395614335595723	-0.936393874356133	-1.49355752204639	NA	-0.159893410886031	0.793119831861444	0.641985577006345	-1.19805881508014	0.826701288408091	-0.834583933876795	0.362665034346742	-0.504894235030794	-0.646003544919704	0.408704875999785	1.06524919835314	2.1494052827815	0.2116387555533	0.0469786749547466	NA	NA
"93"	0.485501557134362	2.00300656157564	0.661265838951956	-1.8632831204651	0.466628749406599	0.568688527881647	-0.818430653416995	0.75620620665187	1.15180938277015	-0.50802872288857	NA	-0.190535679377961	-2.00998479363367	NA	-1.41046960376335	0.0850799729357162	0.299893226097639	NA	-0.412981019216265	-0.556078216416965	NA	-1.59243009819073	-0.242200682837195	0.137545496833245	0.727488203808405	-0.270118604609386	-0.751520393250274	NA	-0.757147907264723	-1.43251719463818
"94"	-0.476056482089846	1.13869600550168	-1.14013121769925	-0.964484313838608	1.31580505657083	0.508684200020403	0.842357438517157	NA	-0.349497583485203	0.718157280756786	-1.44928150996907	1.92226503266838	-0.132887899524775	0.10490605761367	0.519203088981327	-0.84010213940237	1.32556180739111	-0.384839346226418	-0.358431987692263	-0.0942433740660298	1.51675145534015	-0.874650118607726	NA	-1.78266398482036	NA	-0.292224569385846	NA	-1.36787050193889	-0.675704049717506	1.56271358025646
"95"	NA	0.772466913362063	-1.72346734486858	0.457952915785187	-0.123358922615176	1.12327554773877	NA	-0.15324984867392	0.22535014367627	-1.14864649727937	0.0524903783840163	-0.235215296402596	NA	1.07024474807134	-1.49117151476662	1.94633450234542	NA	0.770454085364889	-0.17276648721058	-1.22012092985894	0.424153360439878	0.183614785644378	-0.596150124193264	NA	NA	1.60968842501069	-0.0886624593810396	-0.194050410717869	1.75680056119142	1.51286617937987
"96"	-0.292980049325614	0.372597994306262	NA	-0.44081545130539	NA	NA	1.12216286006722	0.607288294003854	NA	NA	-0.874328348610982	NA	-1.78847562099053	-1.46365876107947	0.0306736471296789	-0.250342794436023	-1.09811253740956	-1.36903223378336	1.24645118970842	0.580396340246321	-0.260452379197944	1.37082269614027	1.50113287516386	NA	-0.276599493705943	-0.668240504222304	0.83686994591114	NA	NA	0.997510832751336
"97"	-1.05546074988155	-0.500457571110981	NA	NA	NA	-0.0696868332484198	-0.924795827149544	1.02552364504973	NA	1.31232176648603	-1.20621874338343	NA	0.0513354449235556	-0.714437164435631	0.428597919349311	2.04680727791928	0.42027917121101	NA	0.144839249143309	1.29919162549998	NA	-0.214990798259565	0.979257959573906	-2.13353148300548	NA	-0.968065929908446	-0.268936915272704	0.0312594057117253	-0.321910169266165	-0.489981939339339
"98"	-2.10477029554454	NA	0.378920842797731	0.0149315464317131	-0.392783755087619	1.77310748447499	-0.347001456076989	NA	0.739488637792125	NA	1.60540314572952	-0.46602959113528	NA	-1.39298238984455	NA	-0.0259279258937321	1.57723890359795	0.864504202762795	NA	0.47441034722362	NA	-1.90291276394364	-0.759044337555701	-1.16111453327095	0.180183094333834	2.02383033193474	-0.416353453288134	0.31714015447552	-1.31221617644476	0.41305959494965
"99"	-1.54536370568602	-0.845134666820754	1.04644341121253	1.76704849915558	-0.500694348962018	NA	NA	-0.291649458216912	-0.237016034912849	-0.0775197886801558	0.0490832057346652	-1.01952457551616	-0.371352438274794	-0.316364884813118	NA	-0.937797614927316	0.295997279621817	-0.82777931510278	NA	-0.263158324682102	0.573364796670165	1.07273611616275	1.3195032470151	-1.253951286645	0.774565472940622	0.201328604863375	-1.81866116424149	0.376672571751089	1.25972592619837	0.549564793447271
"100"	NA	0.667525801154148	NA	-0.222070599600139	0.511101617436938	NA	0.152956945249701	-0.649702428046472	-0.844547260354573	0.362612719644214	1.3429002680865	-1.10872110228206	-1.59717652916844	1.3935888591767	1.05062659322375	1.29977976913258	NA	NA	0.801449252275656	NA	-1.15764873446145	-1.02816158870666	-0.414683565247026	0.878925881947421	-0.0628739034706762	-3.11306298260047	NA	0.642729543200774	-0.968615194558664	-0.524311134068117
